HPWL 
SOFTMODULE 16
M0 4
500 640
500 900
894 900
894 640
M15 4
460 900
460 1107
708 1107
708 900
M7 4
894 640
894 926
1100 926
1100 640
M10 4
460 1107
460 1369
708 1369
708 1107
M12 4
1100 520
1100 773
1404 773
1404 520
M5 4
708 926
708 1274
1100 1274
1100 926
M8 4
0 1800
0 2020
154 2020
154 1800
M13 4
460 1369
460 1761
708 1761
708 1369
M2 4
1100 773
1100 985
1404 985
1404 773
M14 4
154 1800
154 2020
564 2020
564 1800
M6 4
708 1274
708 1761
1145 1761
1145 1274
M9 4
1100 985
1100 1274
1654 1274
1654 985
M4 4
1145 1274
1145 1621
1654 1621
1654 1274
M1 4
1654 900
1654 1375
2100 1375
2100 900
M11 4
1145 1621
1145 2020
1597 2020
1597 1621
M3 4
1654 1375
1654 1892
2274 1892
2274 1375
