HPWL 
SOFTMODULE 15
COM 4
620 0
620 3300
3651 3300
3651 0
H1 4
0 3300
0 4655
1625 4655
1625 3300
CPU 4
3651 0
3651 3300
9712 3300
9712 0
H0 4
0 4655
0 6255
1625 6255
1625 4655
NPU 4
1625 3300
1625 6255
5111 6255
5111 3300
D0 4
0 6255
0 7072
980 7072
980 6255
D1 4
0 7072
0 7800
1099 7800
1099 7072
U0 4
980 6255
980 7072
1470 7072
1470 6255
H2 4
1470 6255
1470 7610
3095 7610
3095 6255
PW0 4
5111 3300
5111 4512
6565 4512
6565 3300
GPU 4
3095 6255
3095 9600
8776 9600
8776 6255
A0 4
0 9600
0 10450
471 10450
471 9600
E0 4
5111 4512
5111 5647
6565 5647
6565 4512
IS0 4
6565 3300
6565 5647
10400 5647
10400 3300
IS1 4
8776 5647
8776 7454
11267 7454
11267 5647
